0000000000000000000000000
0000000000000000000000000
0000000000000100000000000
0000000000000100000000000
0000000000000000000000000
0000000000000100000000000
0000000000000100000000000
0000000000000111110000000
0000000000000000000000000
0000000000000000000000000
0000000000000000000000000
0000000000000000000000000
0000000000000000000000000
0000001111100000000000000
0000000000000000000000000
0000000000000000000000000
0000000000000000010000000
0000000000000000010000000
0000000000000000010000000
0000000000000000010000000
0000000000000000010000000
0000000000000000000000000
0000000000000000000000000
0000000000000000000000000
0000000000000000000000000